[
  {
    "startTimeGMT": "2026-03-17T17:27:56.0",
    "startLatitude": 47.2424025926739,
    "startLongitude": -1.5325461700558662,
    "distance": 1000.0,
    "duration": 313.794,
    "movingDuration": 313.0,
    "elapsedDuration": 317.11,
    "elevationGain": 1.0,
    "elevationLoss": 12.0,
    "maxElevation": 22.6,
    "minElevation": 9.8,
    "averageSpeed": 3.1870000362396245,
    "averageMovingSpeed": 3.194888178913738,
    "maxSpeed": 4.572000026702881,
    "calories": 56.0,
    "bmrCalories": 7.0,
    "averageHR": 133.0,
    "maxHR": 149.0,
    "averageRunCadence": 177.546875,
    "maxRunCadence": 188.0,
    "averageTemperature": 23.0,
    "maxTemperature": 24.0,
    "minTemperature": 22.0,
    "averagePower": 264.0,
    "maxPower": 425.0,
    "minPower": 0.0,
    "normalizedPower": 268.0,
    "totalWork": 19.80897465883218,
    "groundContactTime": 244.1999969482422,
    "strideLength": 106.9,
    "verticalOscillation": 8.55,
    "verticalRatio": 8.010000228881836,
    "endLatitude": 47.24870561622083,
    "endLongitude": -1.5378561057150364,
    "maxVerticalSpeed": 0.20000076293945312,
    "avgGradeAdjustedSpeed": 3.124000072479248,
    "lapIndex": 1,
    "lengthDTOs": [],
    "connectIQMeasurement": [],
    "intensityType": "INTERVAL",
    "messageIndex": 0
  },
  {
    "startTimeGMT": "2026-03-17T17:33:13.0",
    "startLatitude": 47.24871969781816,
    "startLongitude": -1.5378952492028475,
    "distance": 1000.0,
    "duration": 303.324,
    "movingDuration": 303.324,
    "elapsedDuration": 303.324,
    "elevationGain": 2.0,
    "elevationLoss": 7.0,
    "maxElevation": 9.6,
    "minElevation": 3.8,
    "averageSpeed": 3.296999931335449,
    "averageMovingSpeed": 3.2968046811245966,
    "maxSpeed": 3.499000072479248,
    "calories": 60.0,
    "bmrCalories": 7.0,
    "averageHR": 143.0,
    "maxHR": 153.0,
    "averageRunCadence": 180.09375,
    "maxRunCadence": 188.0,
    "averageTemperature": 22.0,
    "maxTemperature": 22.0,
    "minTemperature": 21.0,
    "averagePower": 286.0,
    "maxPower": 342.0,
    "minPower": 237.0,
    "normalizedPower": 285.0,
    "totalWork": 20.76362403998072,
    "groundContactTime": 241.10000610351562,
    "strideLength": 109.2800048828125,
    "verticalOscillation": 8.59000015258789,
    "verticalRatio": 7.849999904632568,
    "endLatitude": 47.24258841946721,
    "endLongitude": -1.5432731620967388,
    "maxVerticalSpeed": 0.20000028610229495,
    "avgGradeAdjustedSpeed": 3.265000104904175,
    "lapIndex": 2,
    "lengthDTOs": [],
    "connectIQMeasurement": [],
    "intensityType": "INTERVAL",
    "messageIndex": 1
  }
]